
2771
35996
2795
2563
2860
6858
2557
3080
2582
3059
2407
7104
2968
2770
2626
2925
2907
3131
2938
2694
2474
2662
2498
3066
2435
2615
2903
2647
2889
2548
2647
2755
7117
7127
2985
3062
2729
3141
6661
2440
6986
2707
6804
2741
2604
3049
2821
2955
2695
2836
2483
2896
2753
6963
6661
2708
2960
2936
2776
2887
2919
2731
2884
3029
2821
2524
2996
3003
2615
3210
2478
2543
2739
2689
7051
3151
2510
2698
7394
6762
2301
2521
2718
2860
6888
7080
3018
2634
2643
3000
2679
6629
2741
2873
3094
2743
2771
2992
3109
3045